Setto	ADCmn	ADCmx	Cmin	Cmax
30	965			36.5
45	917			48
60	845			60
75	750			72
90	635			85.5

105	503.3	526.8	98.4	100.1
120	389.6	414.5	110.6	112.6
135	297.9	319.0	122.5	124.6
150	220.7	241.0	138.1	140.6
165	163.0	181.6	151.0	155.1
180	120.8	136.4	165.1	169.0

195	90.3	103.4	178.8	183.2
200	81.5	93.7	181.4	185.6
205	74.1	86.5	187.3	193.9
210	68.2	78.4	192.9	198.4
215	62.6	72.1	197.5	202.9
220	57.0	66.1	202.1	207.4
225	51.9	60.3	206.5	212.1
230	47.6	55.3	209.3	215.3
235	43.6	50.9	213.0	219.0
240	39.9	46.8	218.2	223.7
245	37.1	43.3	222.8	229.1
250	34.4	39.9	226.6	232.1	
255	31.7	36.6	229.6	236.1
260	29.3	33.7	234.9	240.5

These measurements were taken with an innaccurate prob position, so they are basically useless
